#-----------------+
#  TRI SELECTION  |
#-----------------+
#
#+--------+-----------------------------+-----------------------------+-----------------------------+
#|        |           Ordonné           |          Aleatoire          |           Inverse           |
#| Taille | Affectations   Comparaisons | Affectations   Comparaisons | Affectations   Comparaisons |
#+ -------+--------------+--------------+--------------+--------------+--------------+--------------+
       1              0               0             0               0             0               0  
       2              0               1             3               1             3               1  
       3              0               3             6               3             3               3  
       4              0               6             3               6             6               6  
       5              0              10             9              10             6              10  
       6              0              15             6              15             9              15  
       7              0              21            15              21             9              21  
       8              0              28            18              28            12              28  
       9              0              36            15              36            12              36  
      10              0              45            24              45            15              45  
      11              0              55            21              55            15              55  
      12              0              66            27              66            18              66  
      13              0              78            27              78            18              78  
      14              0              91            24              91            21              91  
      15              0             105            39             105            21             105  
      16              0             120            30             120            24             120  
      17              0             136            39             136            24             136  
      18              0             153            42             153            27             153  
      19              0             171            39             171            27             171  
      20              0             190            51             190            30             190  
      21              0             210            48             210            30             210  
      22              0             231            54             231            33             231  
      23              0             253            57             253            33             253  
      24              0             276            54             276            36             276  
      25              0             300            63             300            36             300  
      26              0             325            57             325            39             325  
      27              0             351            63             351            39             351  
      28              0             378            78             378            42             378  
      29              0             406            63             406            42             406  
      30              0             435            75             435            45             435  
      31              0             465            84             465            45             465  
      32              0             496            87             496            48             496  
      33              0             528            90             528            48             528  
      34              0             561            81             561            51             561  
      35              0             595            87             595            51             595  
      36              0             630            99             630            54             630  
      37              0             666            96             666            54             666  
      38              0             703           105             703            57             703  
      39              0             741           102             741            57             741  
      40              0             780           105             780            60             780  
      41              0             820           105             820            60             820  
      42              0             861           111             861            63             861  
      43              0             903           114             903            63             903  
      44              0             946           114             946            66             946  
      45              0             990           117             990            66             990  
      46              0            1035           129            1035            69            1035  
      47              0            1081           120            1081            69            1081  
      48              0            1128           129            1128            72            1128  
      49              0            1176           141            1176            72            1176  
      50              0            1225           129            1225            75            1225  
      51              0            1275           141            1275            75            1275  
      52              0            1326           138            1326            78            1326  
      53              0            1378           144            1378            78            1378  
      54              0            1431           147            1431            81            1431  
      55              0            1485           144            1485            81            1485  
      56              0            1540           144            1540            84            1540  
      57              0            1596           156            1596            84            1596  
      58              0            1653           162            1653            87            1653  
      59              0            1711           159            1711            87            1711  
      60              0            1770           153            1770            90            1770  
      61              0            1830           168            1830            90            1830  
      62              0            1891           177            1891            93            1891  
      63              0            1953           174            1953            93            1953  
      64              0            2016           180            2016            96            2016  
      65              0            2080           183            2080            96            2080  
      66              0            2145           171            2145            99            2145  
      67              0            2211           189            2211            99            2211  
      68              0            2278           189            2278           102            2278  
      69              0            2346           192            2346           102            2346  
      70              0            2415           192            2415           105            2415  
      71              0            2485           195            2485           105            2485  
      72              0            2556           204            2556           108            2556  
      73              0            2628           192            2628           108            2628  
      74              0            2701           207            2701           111            2701  
      75              0            2775           207            2775           111            2775  
      76              0            2850           213            2850           114            2850  
      77              0            2926           210            2926           114            2926  
      78              0            3003           219            3003           117            3003  
      79              0            3081           225            3081           117            3081  
      80              0            3160           222            3160           120            3160  
      81              0            3240           216            3240           120            3240  
      82              0            3321           216            3321           123            3321  
      83              0            3403           234            3403           123            3403  
      84              0            3486           237            3486           126            3486  
      85              0            3570           246            3570           126            3570  
      86              0            3655           246            3655           129            3655  
      87              0            3741           249            3741           129            3741  
      88              0            3828           246            3828           132            3828  
      89              0            3916           252            3916           132            3916  
      90              0            4005           249            4005           135            4005  
      91              0            4095           252            4095           135            4095  
      92              0            4186           264            4186           138            4186  
      93              0            4278           261            4278           138            4278  
      94              0            4371           264            4371           141            4371  
      95              0            4465           267            4465           141            4465  
      96              0            4560           273            4560           144            4560  
      97              0            4656           261            4656           144            4656  
      98              0            4753           261            4753           147            4753  
      99              0            4851           288            4851           147            4851  
     100              0            4950           285            4950           150            4950  
     101              0            5050           282            5050           150            5050  
     102              0            5151           291            5151           153            5151  
     103              0            5253           282            5253           153            5253  
     104              0            5356           300            5356           156            5356  
     105              0            5460           294            5460           156            5460  
     106              0            5565           300            5565           159            5565  
     107              0            5671           303            5671           159            5671  
     108              0            5778           300            5778           162            5778  
     109              0            5886           318            5886           162            5886  
     110              0            5995           315            5995           165            5995  
     111              0            6105           312            6105           165            6105  
     112              0            6216           315            6216           168            6216  
     113              0            6328           315            6328           168            6328  
     114              0            6441           324            6441           171            6441  
     115              0            6555           327            6555           171            6555  
     116              0            6670           327            6670           174            6670  
     117              0            6786           327            6786           174            6786  
     118              0            6903           336            6903           177            6903  
     119              0            7021           336            7021           177            7021  
     120              0            7140           351            7140           180            7140  
     121              0            7260           336            7260           180            7260  
     122              0            7381           351            7381           183            7381  
     123              0            7503           357            7503           183            7503  
     124              0            7626           351            7626           186            7626  
     125              0            7750           366            7750           186            7750  
     126              0            7875           360            7875           189            7875  
     127              0            8001           363            8001           189            8001  
     128              0            8128           363            8128           192            8128  
     129              0            8256           378            8256           192            8256  
     130              0            8385           375            8385           195            8385  
     131              0            8515           375            8515           195            8515  
     132              0            8646           387            8646           198            8646  
     133              0            8778           390            8778           198            8778  
     134              0            8911           381            8911           201            8911  
     135              0            9045           378            9045           201            9045  
     136              0            9180           390            9180           204            9180  
     137              0            9316           396            9316           204            9316  
     138              0            9453           396            9453           207            9453  
     139              0            9591           396            9591           207            9591  
     140              0            9730           399            9730           210            9730  
     141              0            9870           405            9870           210            9870  
     142              0           10011           405           10011           213           10011  
     143              0           10153           420           10153           213           10153  
     144              0           10296           405           10296           216           10296  
     145              0           10440           408           10440           216           10440  
     146              0           10585           426           10585           219           10585  
     147              0           10731           429           10731           219           10731  
     148              0           10878           423           10878           222           10878  
     149              0           11026           438           11026           222           11026  
     150              0           11175           435           11175           225           11175  
     151              0           11325           429           11325           225           11325  
     152              0           11476           444           11476           228           11476  
     153              0           11628           429           11628           228           11628  
     154              0           11781           453           11781           231           11781  
     155              0           11935           429           11935           231           11935  
     156              0           12090           453           12090           234           12090  
     157              0           12246           456           12246           234           12246  
     158              0           12403           456           12403           237           12403  
     159              0           12561           462           12561           237           12561  
     160              0           12720           453           12720           240           12720  
     161              0           12880           462           12880           240           12880  
     162              0           13041           471           13041           243           13041  
     163              0           13203           480           13203           243           13203  
     164              0           13366           486           13366           246           13366  
     165              0           13530           471           13530           246           13530  
     166              0           13695           483           13695           249           13695  
     167              0           13861           480           13861           249           13861  
     168              0           14028           477           14028           252           14028  
     169              0           14196           483           14196           252           14196  
     170              0           14365           486           14365           255           14365  
     171              0           14535           483           14535           255           14535  
     172              0           14706           507           14706           258           14706  
     173              0           14878           498           14878           258           14878  
     174              0           15051           489           15051           261           15051  
     175              0           15225           510           15225           261           15225  
     176              0           15400           507           15400           264           15400  
     177              0           15576           495           15576           264           15576  
     178              0           15753           504           15753           267           15753  
     179              0           15931           516           15931           267           15931  
     180              0           16110           528           16110           270           16110  
     181              0           16290           531           16290           270           16290  
     182              0           16471           531           16471           273           16471  
     183              0           16653           531           16653           273           16653  
     184              0           16836           537           16836           276           16836  
     185              0           17020           537           17020           276           17020  
     186              0           17205           537           17205           279           17205  
     187              0           17391           537           17391           279           17391  
     188              0           17578           543           17578           282           17578  
     189              0           17766           546           17766           282           17766  
     190              0           17955           558           17955           285           17955  
     191              0           18145           549           18145           285           18145  
     192              0           18336           555           18336           288           18336  
     193              0           18528           570           18528           288           18528  
     194              0           18721           558           18721           291           18721  
     195              0           18915           564           18915           291           18915  
     196              0           19110           561           19110           294           19110  
     197              0           19306           579           19306           294           19306  
     198              0           19503           579           19503           297           19503  
     199              0           19701           576           19701           297           19701  
     200              0           19900           573           19900           300           19900  
     201              0           20100           582           20100           300           20100  
     202              0           20301           591           20301           303           20301  
     203              0           20503           594           20503           303           20503  
     204              0           20706           579           20706           306           20706  
     205              0           20910           594           20910           306           20910  
     206              0           21115           585           21115           309           21115  
     207              0           21321           612           21321           309           21321  
     208              0           21528           597           21528           312           21528  
     209              0           21736           606           21736           312           21736  
     210              0           21945           609           21945           315           21945  
     211              0           22155           621           22155           315           22155  
     212              0           22366           618           22366           318           22366  
     213              0           22578           624           22578           318           22578  
     214              0           22791           624           22791           321           22791  
     215              0           23005           621           23005           321           23005  
     216              0           23220           627           23220           324           23220  
     217              0           23436           636           23436           324           23436  
     218              0           23653           633           23653           327           23653  
     219              0           23871           636           23871           327           23871  
     220              0           24090           645           24090           330           24090  
     221              0           24310           645           24310           330           24310  
     222              0           24531           633           24531           333           24531  
     223              0           24753           648           24753           333           24753  
     224              0           24976           669           24976           336           24976  
     225              0           25200           651           25200           336           25200  
     226              0           25425           663           25425           339           25425  
     227              0           25651           660           25651           339           25651  
     228              0           25878           669           25878           342           25878  
     229              0           26106           675           26106           342           26106  
     230              0           26335           657           26335           345           26335  
     231              0           26565           678           26565           345           26565  
     232              0           26796           684           26796           348           26796  
     233              0           27028           690           27028           348           27028  
     234              0           27261           675           27261           351           27261  
     235              0           27495           675           27495           351           27495  
     236              0           27730           696           27730           354           27730  
     237              0           27966           693           27966           354           27966  
     238              0           28203           681           28203           357           28203  
     239              0           28441           705           28441           357           28441  
     240              0           28680           690           28680           360           28680  
     241              0           28920           705           28920           360           28920  
     242              0           29161           699           29161           363           29161  
     243              0           29403           711           29403           363           29403  
     244              0           29646           720           29646           366           29646  
     245              0           29890           720           29890           366           29890  
     246              0           30135           720           30135           369           30135  
     247              0           30381           735           30381           369           30381  
     248              0           30628           720           30628           372           30628  
     249              0           30876           732           30876           372           30876  
     250              0           31125           732           31125           375           31125  
     251              0           31375           732           31375           375           31375  
     252              0           31626           744           31626           378           31626  
     253              0           31878           738           31878           378           31878  
     254              0           32131           741           32131           381           32131  
     255              0           32385           744           32385           381           32385  
     256              0           32640           741           32640           384           32640  
     257              0           32896           753           32896           384           32896  
     258              0           33153           759           33153           387           33153  
     259              0           33411           756           33411           387           33411  
     260              0           33670           753           33670           390           33670  
     261              0           33930           765           33930           390           33930  
     262              0           34191           765           34191           393           34191  
     263              0           34453           756           34453           393           34453  
     264              0           34716           774           34716           396           34716  
     265              0           34980           783           34980           396           34980  
     266              0           35245           783           35245           399           35245  
     267              0           35511           774           35511           399           35511  
     268              0           35778           783           35778           402           35778  
     269              0           36046           771           36046           402           36046  
     270              0           36315           783           36315           405           36315  
     271              0           36585           783           36585           405           36585  
     272              0           36856           792           36856           408           36856  
     273              0           37128           795           37128           408           37128  
     274              0           37401           801           37401           411           37401  
     275              0           37675           807           37675           411           37675  
     276              0           37950           810           37950           414           37950  
     277              0           38226           816           38226           414           38226  
     278              0           38503           813           38503           417           38503  
     279              0           38781           816           38781           417           38781  
     280              0           39060           822           39060           420           39060  
     281              0           39340           825           39340           420           39340  
     282              0           39621           831           39621           423           39621  
     283              0           39903           831           39903           423           39903  
     284              0           40186           834           40186           426           40186  
     285              0           40470           837           40470           426           40470  
     286              0           40755           825           40755           429           40755  
     287              0           41041           840           41041           429           41041  
     288              0           41328           843           41328           432           41328  
     289              0           41616           837           41616           432           41616  
     290              0           41905           840           41905           435           41905  
     291              0           42195           855           42195           435           42195  
     292              0           42486           864           42486           438           42486  
     293              0           42778           855           42778           438           42778  
     294              0           43071           861           43071           441           43071  
     295              0           43365           855           43365           441           43365  
     296              0           43660           861           43660           444           43660  
     297              0           43956           858           43956           444           43956  
     298              0           44253           879           44253           447           44253  
     299              0           44551           876           44551           447           44551  
     300              0           44850           870           44850           450           44850  
     301              0           45150           894           45150           450           45150  
     302              0           45451           894           45451           453           45451  
     303              0           45753           891           45753           453           45753  
     304              0           46056           894           46056           456           46056  
     305              0           46360           897           46360           456           46360  
     306              0           46665           888           46665           459           46665  
     307              0           46971           903           46971           459           46971  
     308              0           47278           915           47278           462           47278  
     309              0           47586           912           47586           462           47586  
     310              0           47895           909           47895           465           47895  
     311              0           48205           909           48205           465           48205  
     312              0           48516           924           48516           468           48516  
     313              0           48828           915           48828           468           48828  
     314              0           49141           912           49141           471           49141  
     315              0           49455           921           49455           471           49455  
     316              0           49770           921           49770           474           49770  
     317              0           50086           936           50086           474           50086  
     318              0           50403           930           50403           477           50403  
     319              0           50721           939           50721           477           50721  
     320              0           51040           930           51040           480           51040  
     321              0           51360           954           51360           480           51360  
     322              0           51681           939           51681           483           51681  
     323              0           52003           951           52003           483           52003  
     324              0           52326           957           52326           486           52326  
     325              0           52650           957           52650           486           52650  
     326              0           52975           957           52975           489           52975  
     327              0           53301           966           53301           489           53301  
     328              0           53628           972           53628           492           53628  
     329              0           53956           963           53956           492           53956  
     330              0           54285           969           54285           495           54285  
     331              0           54615           981           54615           495           54615  
     332              0           54946           966           54946           498           54946  
     333              0           55278           966           55278           498           55278  
     334              0           55611           981           55611           501           55611  
     335              0           55945           981           55945           501           55945  
     336              0           56280           981           56280           504           56280  
     337              0           56616           981           56616           504           56616  
     338              0           56953           999           56953           507           56953  
     339              0           57291          1002           57291           507           57291  
     340              0           57630           996           57630           510           57630  
     341              0           57970          1014           57970           510           57970  
     342              0           58311          1011           58311           513           58311  
     343              0           58653          1002           58653           513           58653  
     344              0           58996          1011           58996           516           58996  
     345              0           59340          1002           59340           516           59340  
     346              0           59685          1023           59685           519           59685  
     347              0           60031          1029           60031           519           60031  
     348              0           60378          1023           60378           522           60378  
     349              0           60726          1029           60726           522           60726  
     350              0           61075          1032           61075           525           61075  
     351              0           61425          1035           61425           525           61425  
     352              0           61776          1035           61776           528           61776  
     353              0           62128          1047           62128           528           62128  
     354              0           62481          1041           62481           531           62481  
     355              0           62835          1059           62835           531           62835  
     356              0           63190          1047           63190           534           63190  
     357              0           63546          1065           63546           534           63546  
     358              0           63903          1047           63903           537           63903  
     359              0           64261          1059           64261           537           64261  
     360              0           64620          1059           64620           540           64620  
     361              0           64980          1053           64980           540           64980  
     362              0           65341          1068           65341           543           65341  
     363              0           65703          1074           65703           543           65703  
     364              0           66066          1068           66066           546           66066  
     365              0           66430          1068           66430           546           66430  
     366              0           66795          1077           66795           549           66795  
     367              0           67161          1086           67161           549           67161  
     368              0           67528          1080           67528           552           67528  
     369              0           67896          1077           67896           552           67896  
     370              0           68265          1095           68265           555           68265  
     371              0           68635          1095           68635           555           68635  
     372              0           69006          1098           69006           558           69006  
     373              0           69378          1101           69378           558           69378  
     374              0           69751          1107           69751           561           69751  
     375              0           70125          1095           70125           561           70125  
     376              0           70500          1092           70500           564           70500  
     377              0           70876          1116           70876           564           70876  
     378              0           71253          1110           71253           567           71253  
     379              0           71631          1119           71631           567           71631  
     380              0           72010          1122           72010           570           72010  
     381              0           72390          1116           72390           570           72390  
     382              0           72771          1134           72771           573           72771  
     383              0           73153          1122           73153           573           73153  
     384              0           73536          1134           73536           576           73536  
     385              0           73920          1128           73920           576           73920  
     386              0           74305          1131           74305           579           74305  
     387              0           74691          1146           74691           579           74691  
     388              0           75078          1137           75078           582           75078  
     389              0           75466          1146           75466           582           75466  
     390              0           75855          1152           75855           585           75855  
     391              0           76245          1152           76245           585           76245  
     392              0           76636          1146           76636           588           76636  
     393              0           77028          1167           77028           588           77028  
     394              0           77421          1155           77421           591           77421  
     395              0           77815          1164           77815           591           77815  
     396              0           78210          1176           78210           594           78210  
     397              0           78606          1161           78606           594           78606  
     398              0           79003          1164           79003           597           79003  
     399              0           79401          1176           79401           597           79401  
     400              0           79800          1173           79800           600           79800  
     401              0           80200          1182           80200           600           80200  
     402              0           80601          1191           80601           603           80601  
     403              0           81003          1188           81003           603           81003  
     404              0           81406          1188           81406           606           81406  
     405              0           81810          1212           81810           606           81810  
     406              0           82215          1191           82215           609           82215  
     407              0           82621          1206           82621           609           82621  
     408              0           83028          1200           83028           612           83028  
     409              0           83436          1200           83436           612           83436  
     410              0           83845          1212           83845           615           83845  
     411              0           84255          1218           84255           615           84255  
     412              0           84666          1197           84666           618           84666  
     413              0           85078          1200           85078           618           85078  
     414              0           85491          1209           85491           621           85491  
     415              0           85905          1230           85905           621           85905  
     416              0           86320          1206           86320           624           86320  
     417              0           86736          1239           86736           624           86736  
     418              0           87153          1227           87153           627           87153  
     419              0           87571          1239           87571           627           87571  
     420              0           87990          1248           87990           630           87990  
     421              0           88410          1242           88410           630           88410  
     422              0           88831          1248           88831           633           88831  
     423              0           89253          1239           89253           633           89253  
     424              0           89676          1248           89676           636           89676  
     425              0           90100          1257           90100           636           90100  
     426              0           90525          1257           90525           639           90525  
     427              0           90951          1245           90951           639           90951  
     428              0           91378          1251           91378           642           91378  
     429              0           91806          1257           91806           642           91806  
     430              0           92235          1275           92235           645           92235  
     431              0           92665          1284           92665           645           92665  
     432              0           93096          1284           93096           648           93096  
     433              0           93528          1281           93528           648           93528  
     434              0           93961          1287           93961           651           93961  
     435              0           94395          1287           94395           651           94395  
     436              0           94830          1272           94830           654           94830  
     437              0           95266          1296           95266           654           95266  
     438              0           95703          1275           95703           657           95703  
     439              0           96141          1299           96141           657           96141  
     440              0           96580          1284           96580           660           96580  
     441              0           97020          1293           97020           660           97020  
     442              0           97461          1293           97461           663           97461  
     443              0           97903          1317           97903           663           97903  
     444              0           98346          1311           98346           666           98346  
     445              0           98790          1305           98790           666           98790  
     446              0           99235          1302           99235           669           99235  
     447              0           99681          1311           99681           669           99681  
     448              0          100128          1323          100128           672          100128  
     449              0          100576          1323          100576           672          100576  
     450              0          101025          1323          101025           675          101025  
     451              0          101475          1344          101475           675          101475  
     452              0          101926          1326          101926           678          101926  
     453              0          102378          1353          102378           678          102378  
     454              0          102831          1344          102831           681          102831  
     455              0          103285          1347          103285           681          103285  
     456              0          103740          1350          103740           684          103740  
     457              0          104196          1335          104196           684          104196  
     458              0          104653          1356          104653           687          104653  
     459              0          105111          1359          105111           687          105111  
     460              0          105570          1359          105570           690          105570  
     461              0          106030          1359          106030           690          106030  
     462              0          106491          1374          106491           693          106491  
     463              0          106953          1368          106953           693          106953  
     464              0          107416          1377          107416           696          107416  
     465              0          107880          1371          107880           696          107880  
     466              0          108345          1386          108345           699          108345  
     467              0          108811          1371          108811           699          108811  
     468              0          109278          1389          109278           702          109278  
     469              0          109746          1377          109746           702          109746  
     470              0          110215          1383          110215           705          110215  
     471              0          110685          1395          110685           705          110685  
     472              0          111156          1389          111156           708          111156  
     473              0          111628          1392          111628           708          111628  
     474              0          112101          1383          112101           711          112101  
     475              0          112575          1395          112575           711          112575  
     476              0          113050          1404          113050           714          113050  
     477              0          113526          1425          113526           714          113526  
     478              0          114003          1410          114003           717          114003  
     479              0          114481          1428          114481           717          114481  
     480              0          114960          1419          114960           720          114960  
     481              0          115440          1422          115440           720          115440  
     482              0          115921          1425          115921           723          115921  
     483              0          116403          1440          116403           723          116403  
     484              0          116886          1413          116886           726          116886  
     485              0          117370          1443          117370           726          117370  
     486              0          117855          1431          117855           729          117855  
     487              0          118341          1446          118341           729          118341  
     488              0          118828          1437          118828           732          118828  
     489              0          119316          1455          119316           732          119316  
     490              0          119805          1446          119805           735          119805  
     491              0          120295          1449          120295           735          120295  
     492              0          120786          1458          120786           738          120786  
     493              0          121278          1461          121278           738          121278  
     494              0          121771          1467          121771           741          121771  
     495              0          122265          1464          122265           741          122265  
     496              0          122760          1467          122760           744          122760  
     497              0          123256          1464          123256           744          123256  
     498              0          123753          1467          123753           747          123753  
     499              0          124251          1482          124251           747          124251  
     500              0          124750          1467          124750           750          124750  
     501              0          125250          1479          125250           750          125250  
     502              0          125751          1491          125751           753          125751  
     503              0          126253          1467          126253           753          126253  
     504              0          126756          1488          126756           756          126756  
     505              0          127260          1500          127260           756          127260  
     506              0          127765          1500          127765           759          127765  
     507              0          128271          1500          128271           759          128271  
     508              0          128778          1506          128778           762          128778  
     509              0          129286          1512          129286           762          129286  
     510              0          129795          1512          129795           765          129795  
     511              0          130305          1506          130305           765          130305  
     512              0          130816          1500          130816           768          130816  
#+ -------+--------------+--------------+--------------+--------------+--------------+--------------+
