#-----------------+
#  TRI RAPIDE     |
#-----------------+
#
#+--------+-----------------------------+-----------------------------+-----------------------------+
#|        |           Ordonné           |          Aleatoire          |           Inverse           |
#| Taille | Affectations   Comparaisons | Affectations   Comparaisons | Affectations   Comparaisons |
#+ -------+--------------+--------------+--------------+--------------+--------------+--------------+
       1              0               0             0               0             0               0  
       2              6               1             6               1             6               1  
       3              6               2             6               2             9               1  
       4             12               4            15               3            15               2  
       5             18               6            21               5            24               3  
       6             18               8            21               9            30               5  
       7             18              10            33              11            39               7  
       8             24              13            33              20            39               8  
       9             30              16            42              25            42               9  
      10             36              19            48              25            48              12  
      11             42              22            51              13            57              15  
      12             42              25            54              18            63              17  
      13             42              28            66              22            72              19  
      14             42              31            78              24            72              21  
      15             42              34            66              33            75              23  
      16             48              38            84              32            81              26  
      17             54              42            87              35            90              29  
      18             60              46            90              44            96              33  
      19             66              50           105              43           105              37  
      20             72              54            96              66           105              39  
      21             78              58            99              93           108              41  
      22             84              62           123              46           114              44  
      23             90              66           123              72           123              47  
      24             90              70           135              47           129              51  
      25             90              74           141              52           138              55  
      26             90              78           147              71           138              58  
      27             90              82           138              96           141              61  
      28             90              86           159              79           147              64  
      29             90              90           159              94           156              67  
      30             90              94           186              77           162              71  
      31             90              98           186              97           171              75  
      32             96             103           192              79           171              78  
      33            102             108           198              84           174              81  
      34            108             113           183              90           180              86  
      35            114             118           216              99           189              91  
      36            120             123           192             129           195              95  
      37            126             128           228             120           204              99  
      38            132             133           216             139           204             102  
      39            138             138           216             129           207             105  
      40            144             143           243             131           213             110  
      41            150             148           261             143           222             115  
      42            156             153           249             154           228             119  
      43            162             158           264             120           237             123  
      44            168             163           243             146           237             126  
      45            174             168           267             155           240             129  
      46            180             173           267             207           246             134  
      47            186             178           282             156           255             139  
      48            186             183           291             156           261             143  
      49            186             188           285             188           270             147  
      50            186             193           309             174           270             151  
      51            186             198           324             215           273             155  
      52            186             203           303             213           279             160  
      53            186             208           321             255           288             165  
      54            186             213           324             199           294             169  
      55            186             218           327             194           303             173  
      56            186             223           333             216           303             177  
      57            186             228           348             249           306             181  
      58            186             233           327             225           312             186  
      59            186             238           381             243           321             191  
      60            186             243           372             286           327             195  
      61            186             248           390             287           336             199  
      62            186             253           387             245           336             203  
      63            186             258           420             256           339             207  
      64            192             264           402             231           345             212  
      65            198             270           402             300           354             217  
      66            204             276           435             258           360             223  
      67            210             282           447             219           369             229  
      68            216             288           420             356           369             233  
      69            222             294           432             296           372             237  
      70            228             300           438             289           378             242  
      71            234             306           468             287           387             247  
      72            240             312           468             244           393             253  
      73            246             318           450             301           402             259  
      74            252             324           456             335           402             263  
      75            258             330           486             266           405             267  
      76            264             336           462             307           411             272  
      77            270             342           510             360           420             277  
      78            276             348           519             414           426             283  
      79            282             354           540             410           435             289  
      80            288             360           540             303           435             293  
      81            294             366           552             318           438             297  
      82            300             372           519             313           444             302  
      83            306             378           519             400           453             307  
      84            312             384           576             297           459             313  
      85            318             390           561             521           468             319  
      86            324             396           585             341           468             323  
      87            330             402           579             285           471             327  
      88            336             408           585             439           477             332  
      89            342             414           600             420           486             337  
      90            348             420           603             390           492             343  
      91            354             426           597             405           501             349  
      92            360             432           621             415           501             353  
      93            366             438           639             436           504             357  
      94            372             444           642             334           510             362  
      95            378             450           612             394           519             367  
      96            378             456           657             360           525             373  
      97            378             462           660             365           534             379  
      98            378             468           654             524           534             384  
      99            378             474           684             437           537             389  
     100            378             480           663             464           543             394  
     101            378             486           654             424           552             399  
     102            378             492           660             489           558             405  
     103            378             498           696             758           567             411  
     104            378             504           681             610           567             416  
     105            378             510           741             426           570             421  
     106            378             516           681             525           576             426  
     107            378             522           735             496           585             431  
     108            378             528           723             535           591             437  
     109            378             534           714             518           600             443  
     110            378             540           735             450           600             448  
     111            378             546           744             569           603             453  
     112            378             552           780             411           609             458  
     113            378             558           780             513           618             463  
     114            378             564           798             497           624             469  
     115            378             570           813             546           633             475  
     116            378             576           795             539           633             480  
     117            378             582           792             490           636             485  
     118            378             588           828             584           642             490  
     119            378             594           810             557           651             495  
     120            378             600           798             734           657             501  
     121            378             606           819             657           666             507  
     122            378             612           858             623           666             512  
     123            378             618           858             526           669             517  
     124            378             624           858             643           675             522  
     125            378             630           885             777           684             527  
     126            378             636           906             508           690             533  
     127            378             642           918             662           699             539  
     128            384             649           924             641           699             544  
     129            390             656           945             555           702             549  
     130            396             663           918             621           708             556  
     131            402             670           906             640           717             563  
     132            408             677           945             747           723             569  
     133            414             684           927             646           732             575  
     134            420             691           960             555           732             580  
     135            426             698           981             676           735             585  
     136            432             705           942             708           741             592  
     137            438             712           954             670           750             599  
     138            444             719           972             595           756             605  
     139            450             726           969             671           765             611  
     140            456             733           999             776           765             616  
     141            462             740          1017             687           768             621  
     142            468             747          1017             713           774             628  
     143            474             754          1047             611           783             635  
     144            480             761          1005             758           789             641  
     145            486             768          1023             758           798             647  
     146            492             775          1020             780           798             652  
     147            498             782          1017             873           801             657  
     148            504             789          1029             725           807             664  
     149            510             796          1071             704           816             671  
     150            516             803          1029             712           822             677  
     151            522             810          1107             815           831             683  
     152            528             817          1068             763           831             688  
     153            534             824          1086             850           834             693  
     154            540             831          1116             768           840             700  
     155            546             838          1125             804           849             707  
     156            552             845          1131             855           855             713  
     157            558             852          1128             674           864             719  
     158            564             859          1176             737           864             724  
     159            570             866          1131             805           867             729  
     160            576             873          1143             712           873             736  
     161            582             880          1152             833           882             743  
     162            588             887          1143             920           888             749  
     163            594             894          1179             841           897             755  
     164            600             901          1143             868           897             760  
     165            606             908          1194             854           900             765  
     166            612             915          1152            1135           906             772  
     167            618             922          1179             967           915             779  
     168            624             929          1218             785           921             785  
     169            630             936          1236             836           930             791  
     170            636             943          1287             695           930             796  
     171            642             950          1209             778           933             801  
     172            648             957          1230             851           939             808  
     173            654             964          1260             882           948             815  
     174            660             971          1317             883           954             821  
     175            666             978          1269             855           963             827  
     176            672             985          1242            1117           963             832  
     177            678             992          1296             856           966             837  
     178            684             999          1323            1053           972             844  
     179            690            1006          1299             926           981             851  
     180            696            1013          1317             875           987             857  
     181            702            1020          1284            1055           996             863  
     182            708            1027          1341             806           996             868  
     183            714            1034          1296             978           999             873  
     184            720            1041          1290            1253          1005             880  
     185            726            1048          1335             905          1014             887  
     186            732            1055          1341             849          1020             893  
     187            738            1062          1386            1078          1029             899  
     188            744            1069          1296            1501          1029             904  
     189            750            1076          1446             902          1032             909  
     190            756            1083          1386             938          1038             916  
     191            762            1090          1455            1009          1047             923  
     192            762            1097          1404            1107          1053             929  
     193            762            1104          1434            1024          1062             935  
     194            762            1111          1437            1005          1062             941  
     195            762            1118          1407            1005          1065             947  
     196            762            1125          1473            1075          1071             954  
     197            762            1132          1497             919          1080             961  
     198            762            1139          1512             980          1086             967  
     199            762            1146          1488             989          1095             973  
     200            762            1153          1440            1138          1095             979  
     201            762            1160          1515             950          1098             985  
     202            762            1167          1488            1173          1104             992  
     203            762            1174          1545            1061          1113             999  
     204            762            1181          1536            1076          1119            1005  
     205            762            1188          1533            1054          1128            1011  
     206            762            1195          1587            1014          1128            1017  
     207            762            1202          1512            1196          1131            1023  
     208            762            1209          1614            1009          1137            1030  
     209            762            1216          1521            1266          1146            1037  
     210            762            1223          1584            1071          1152            1043  
     211            762            1230          1518            1187          1161            1049  
     212            762            1237          1560            1252          1161            1055  
     213            762            1244          1614            1176          1164            1061  
     214            762            1251          1650             997          1170            1068  
     215            762            1258          1650            1023          1179            1075  
     216            762            1265          1599            1331          1185            1081  
     217            762            1272          1674             987          1194            1087  
     218            762            1279          1638            1049          1194            1093  
     219            762            1286          1650            1175          1197            1099  
     220            762            1293          1662            1144          1203            1106  
     221            762            1300          1632            1130          1212            1113  
     222            762            1307          1668            1213          1218            1119  
     223            762            1314          1689            1208          1227            1125  
     224            762            1321          1638            1216          1227            1131  
     225            762            1328          1638            1712          1230            1137  
     226            762            1335          1698            1273          1236            1144  
     227            762            1342          1689            1275          1245            1151  
     228            762            1349          1752            1087          1251            1157  
     229            762            1356          1713            1437          1260            1163  
     230            762            1363          1716            1427          1260            1169  
     231            762            1370          1719            1445          1263            1175  
     232            762            1377          1752            1302          1269            1182  
     233            762            1384          1794            1473          1278            1189  
     234            762            1391          1815            1429          1284            1195  
     235            762            1398          1752            1487          1293            1201  
     236            762            1405          1833            1158          1293            1207  
     237            762            1412          1794            1412          1296            1213  
     238            762            1419          1803            1360          1302            1220  
     239            762            1426          1842            1201          1311            1227  
     240            762            1433          1827            1253          1317            1233  
     241            762            1440          1833            1192          1326            1239  
     242            762            1447          1896            1206          1326            1245  
     243            762            1454          1818            1622          1329            1251  
     244            762            1461          1875            1365          1335            1258  
     245            762            1468          1848            1356          1344            1265  
     246            762            1475          1926            1342          1350            1271  
     247            762            1482          1884            1343          1359            1277  
     248            762            1489          1827            1636          1359            1283  
     249            762            1496          1908            1327          1362            1289  
     250            762            1503          1899            1327          1368            1296  
     251            762            1510          1803            1863          1377            1303  
     252            762            1517          1986            1454          1383            1309  
     253            762            1524          1950            1295          1392            1315  
     254            762            1531          1899            1639          1392            1321  
     255            762            1538          1923            1671          1395            1327  
     256            768            1546          1938            1672          1401            1334  
     257            774            1554          1950            1707          1410            1341  
     258            780            1562          1965            1362          1416            1349  
     259            786            1570          1983            1322          1425            1357  
     260            792            1578          1974            1543          1425            1363  
     261            798            1586          1911            1989          1428            1369  
     262            804            1594          2022            1400          1434            1376  
     263            810            1602          1983            1467          1443            1383  
     264            816            1610          2040            1567          1449            1391  
     265            822            1618          2025            1343          1458            1399  
     266            828            1626          2070            1720          1458            1405  
     267            834            1634          2085            1452          1461            1411  
     268            840            1642          2025            1531          1467            1418  
     269            846            1650          2079            1688          1476            1425  
     270            852            1658          2070            1788          1482            1433  
     271            858            1666          2106            1414          1491            1441  
     272            864            1674          2055            1555          1491            1447  
     273            870            1682          2064            1597          1494            1453  
     274            876            1690          2136            1594          1500            1460  
     275            882            1698          2109            1718          1509            1467  
     276            888            1706          2184            1504          1515            1475  
     277            894            1714          2109            1764          1524            1483  
     278            900            1722          2160            1609          1524            1489  
     279            906            1730          2226            1582          1527            1495  
     280            912            1738          2193            1552          1533            1502  
     281            918            1746          2172            1935          1542            1509  
     282            924            1754          2172            2153          1548            1517  
     283            930            1762          2205            1606          1557            1525  
     284            936            1770          2181            1717          1557            1531  
     285            942            1778          2238            1561          1560            1537  
     286            948            1786          2217            1807          1566            1544  
     287            954            1794          2208            1968          1575            1551  
     288            960            1802          2256            1622          1581            1559  
     289            966            1810          2262            1553          1590            1567  
     290            972            1818          2256            1568          1590            1573  
     291            978            1826          2232            1721          1593            1579  
     292            984            1834          2199            2122          1599            1586  
     293            990            1842          2337            1524          1608            1593  
     294            996            1850          2301            1516          1614            1601  
     295           1002            1858          2337            1640          1623            1609  
     296           1008            1866          2310            1496          1623            1615  
     297           1014            1874          2325            1813          1626            1621  
     298           1020            1882          2298            1999          1632            1628  
     299           1026            1890          2358            1540          1641            1635  
     300           1032            1898          2319            1724          1647            1643  
     301           1038            1906          2295            1626          1656            1651  
     302           1044            1914          2400            1696          1656            1657  
     303           1050            1922          2370            1644          1659            1663  
     304           1056            1930          2433            1456          1665            1670  
     305           1062            1938          2403            1732          1674            1677  
     306           1068            1946          2397            1738          1680            1685  
     307           1074            1954          2406            1845          1689            1693  
     308           1080            1962          2391            1898          1689            1699  
     309           1086            1970          2496            1626          1692            1705  
     310           1092            1978          2379            1910          1698            1712  
     311           1098            1986          2433            2047          1707            1719  
     312           1104            1994          2484            1774          1713            1727  
     313           1110            2002          2325            1972          1722            1735  
     314           1116            2010          2472            2347          1722            1741  
     315           1122            2018          2454            1949          1725            1747  
     316           1128            2026          2508            1754          1731            1754  
     317           1134            2034          2466            1872          1740            1761  
     318           1140            2042          2451            2083          1746            1769  
     319           1146            2050          2466            1941          1755            1777  
     320           1152            2058          2445            2002          1755            1783  
     321           1158            2066          2490            1727          1758            1789  
     322           1164            2074          2553            1901          1764            1796  
     323           1170            2082          2538            1931          1773            1803  
     324           1176            2090          2541            1799          1779            1811  
     325           1182            2098          2634            1973          1788            1819  
     326           1188            2106          2646            1703          1788            1825  
     327           1194            2114          2547            1970          1791            1831  
     328           1200            2122          2580            1987          1797            1838  
     329           1206            2130          2604            2044          1806            1845  
     330           1212            2138          2658            2001          1812            1853  
     331           1218            2146          2595            1776          1821            1861  
     332           1224            2154          2583            2669          1821            1867  
     333           1230            2162          2604            2316          1824            1873  
     334           1236            2170          2613            2225          1830            1880  
     335           1242            2178          2655            1968          1839            1887  
     336           1248            2186          2760            1732          1845            1895  
     337           1254            2194          2685            2311          1854            1903  
     338           1260            2202          2703            2272          1854            1909  
     339           1266            2210          2706            2016          1857            1915  
     340           1272            2218          2769            1903          1863            1922  
     341           1278            2226          2655            2810          1872            1929  
     342           1284            2234          2685            2248          1878            1937  
     343           1290            2242          2709            1991          1887            1945  
     344           1296            2250          2796            1801          1887            1951  
     345           1302            2258          2691            2624          1890            1957  
     346           1308            2266          2712            2310          1896            1964  
     347           1314            2274          2835            1981          1905            1971  
     348           1320            2282          2796            2084          1911            1979  
     349           1326            2290          2772            1811          1920            1987  
     350           1332            2298          2784            2200          1920            1993  
     351           1338            2306          2862            1978          1923            1999  
     352           1344            2314          2808            2262          1929            2006  
     353           1350            2322          2841            2152          1938            2013  
     354           1356            2330          2829            2714          1944            2021  
     355           1362            2338          2781            2655          1953            2029  
     356           1368            2346          2748            2237          1953            2035  
     357           1374            2354          2835            2015          1956            2041  
     358           1380            2362          2931            2069          1962            2048  
     359           1386            2370          2907            2385          1971            2055  
     360           1392            2378          2964            2105          1977            2063  
     361           1398            2386          2943            1898          1986            2071  
     362           1404            2394          2877            2334          1986            2077  
     363           1410            2402          2904            2244          1989            2083  
     364           1416            2410          2940            2303          1995            2090  
     365           1422            2418          2922            2001          2004            2097  
     366           1428            2426          2871            2432          2010            2105  
     367           1434            2434          2958            2355          2019            2113  
     368           1440            2442          2874            2655          2019            2119  
     369           1446            2450          2952            2286          2022            2125  
     370           1452            2458          2970            2289          2028            2132  
     371           1458            2466          2931            2470          2037            2139  
     372           1464            2474          2955            2404          2043            2147  
     373           1470            2482          2997            2365          2052            2155  
     374           1476            2490          3042            2273          2052            2161  
     375           1482            2498          3012            2283          2055            2167  
     376           1488            2506          3048            2093          2061            2174  
     377           1494            2514          3042            2312          2070            2181  
     378           1500            2522          3048            2228          2076            2189  
     379           1506            2530          3042            2226          2085            2197  
     380           1512            2538          2955            3230          2085            2203  
     381           1518            2546          2970            2537          2088            2209  
     382           1524            2554          3045            2436          2094            2216  
     383           1530            2562          3090            2214          2103            2223  
     384           1530            2570          3075            2252          2109            2231  
     385           1530            2578          3204            2304          2118            2239  
     386           1530            2586          3141            2351          2118            2246  
     387           1530            2594          3063            2247          2121            2253  
     388           1530            2602          3201            2239          2127            2260  
     389           1530            2610          3108            2676          2136            2267  
     390           1530            2618          3156            2349          2142            2275  
     391           1530            2626          3168            2521          2151            2283  
     392           1530            2634          3201            2286          2151            2290  
     393           1530            2642          3114            2778          2154            2297  
     394           1530            2650          3159            2414          2160            2304  
     395           1530            2658          3225            2537          2169            2311  
     396           1530            2666          3147            2574          2175            2319  
     397           1530            2674          3228            2307          2184            2327  
     398           1530            2682          3237            2520          2184            2334  
     399           1530            2690          3081            3276          2187            2341  
     400           1530            2698          3186            2328          2193            2348  
     401           1530            2706          3312            2236          2202            2355  
     402           1530            2714          3240            2424          2208            2363  
     403           1530            2722          3216            2559          2217            2371  
     404           1530            2730          3261            2448          2217            2378  
     405           1530            2738          3342            2707          2220            2385  
     406           1530            2746          3201            3285          2226            2392  
     407           1530            2754          3354            2861          2235            2399  
     408           1530            2762          3312            2598          2241            2407  
     409           1530            2770          3348            2760          2250            2415  
     410           1530            2778          3318            2394          2250            2422  
     411           1530            2786          3291            3242          2253            2429  
     412           1530            2794          3315            2932          2259            2436  
     413           1530            2802          3369            2734          2268            2443  
     414           1530            2810          3336            2762          2274            2451  
     415           1530            2818          3408            2527          2283            2459  
     416           1530            2826          3357            2973          2283            2466  
     417           1530            2834          3405            2680          2286            2473  
     418           1530            2842          3453            2357          2292            2480  
     419           1530            2850          3489            2613          2301            2487  
     420           1530            2858          3366            2530          2307            2495  
     421           1530            2866          3405            2608          2316            2503  
     422           1530            2874          3369            2643          2316            2510  
     423           1530            2882          3492            2491          2319            2517  
     424           1530            2890          3405            2688          2325            2524  
     425           1530            2898          3513            2346          2334            2531  
     426           1530            2906          3420            2814          2340            2539  
     427           1530            2914          3444            2705          2349            2547  
     428           1530            2922          3495            2548          2349            2554  
     429           1530            2930          3546            2678          2352            2561  
     430           1530            2938          3621            2329          2358            2568  
     431           1530            2946          3471            3216          2367            2575  
     432           1530            2954          3579            2664          2373            2583  
     433           1530            2962          3573            2574          2382            2591  
     434           1530            2970          3453            3390          2382            2598  
     435           1530            2978          3453            3175          2385            2605  
     436           1530            2986          3549            2606          2391            2612  
     437           1530            2994          3564            2696          2400            2619  
     438           1530            3002          3603            2700          2406            2627  
     439           1530            3010          3597            2603          2415            2635  
     440           1530            3018          3630            2541          2415            2642  
     441           1530            3026          3681            2619          2418            2649  
     442           1530            3034          3612            2593          2424            2656  
     443           1530            3042          3657            3212          2433            2663  
     444           1530            3050          3672            2991          2439            2671  
     445           1530            3058          3645            2946          2448            2679  
     446           1530            3066          3708            2686          2448            2686  
     447           1530            3074          3672            2803          2451            2693  
     448           1530            3082          3726            2739          2457            2700  
     449           1530            3090          3672            3439          2466            2707  
     450           1530            3098          3585            3153          2472            2715  
     451           1530            3106          3639            3207          2481            2723  
     452           1530            3114          3756            3032          2481            2730  
     453           1530            3122          3708            2898          2484            2737  
     454           1530            3130          3741            2766          2490            2744  
     455           1530            3138          3699            2896          2499            2751  
     456           1530            3146          3816            2706          2505            2759  
     457           1530            3154          3738            3154          2514            2767  
     458           1530            3162          3771            2674          2514            2774  
     459           1530            3170          3867            2631          2517            2781  
     460           1530            3178          3789            2779          2523            2788  
     461           1530            3186          3804            2627          2532            2795  
     462           1530            3194          3813            2618          2538            2803  
     463           1530            3202          3858            2703          2547            2811  
     464           1530            3210          3738            3625          2547            2818  
     465           1530            3218          3855            3229          2550            2825  
     466           1530            3226          3837            3138          2556            2832  
     467           1530            3234          3924            2748          2565            2839  
     468           1530            3242          3948            3080          2571            2847  
     469           1530            3250          3879            3106          2580            2855  
     470           1530            3258          3864            3424          2580            2862  
     471           1530            3266          3825            3088          2583            2869  
     472           1530            3274          3942            3173          2589            2876  
     473           1530            3282          3963            2960          2598            2883  
     474           1530            3290          3873            3790          2604            2891  
     475           1530            3298          3936            2726          2613            2899  
     476           1530            3306          3924            3124          2613            2906  
     477           1530            3314          3924            3899          2616            2913  
     478           1530            3322          3984            2932          2622            2920  
     479           1530            3330          3897            3289          2631            2927  
     480           1530            3338          3903            3456          2637            2935  
     481           1530            3346          4002            3357          2646            2943  
     482           1530            3354          3894            3409          2646            2950  
     483           1530            3362          3966            3112          2649            2957  
     484           1530            3370          4185            2714          2655            2964  
     485           1530            3378          4083            2947          2664            2971  
     486           1530            3386          4122            2625          2670            2979  
     487           1530            3394          3990            3510          2679            2987  
     488           1530            3402          3921            3551          2679            2994  
     489           1530            3410          4110            2833          2682            3001  
     490           1530            3418          4080            3113          2688            3008  
     491           1530            3426          3978            4093          2697            3015  
     492           1530            3434          4053            3673          2703            3023  
     493           1530            3442          4041            2831          2712            3031  
     494           1530            3450          4173            3439          2712            3038  
     495           1530            3458          4059            3101          2715            3045  
     496           1530            3466          4152            3228          2721            3052  
     497           1530            3474          4131            3308          2730            3059  
     498           1530            3482          3987            3842          2736            3067  
     499           1530            3490          4143            3033          2745            3075  
     500           1530            3498          4203            3321          2745            3082  
     501           1530            3506          4203            3607          2748            3089  
     502           1530            3514          4119            3962          2754            3096  
     503           1530            3522          4164            3527          2763            3103  
     504           1530            3530          4161            3460          2769            3111  
     505           1530            3538          4197            2933          2778            3119  
     506           1530            3546          4164            2989          2778            3126  
     507           1530            3554          4287            3067          2781            3133  
     508           1530            3562          4233            3454          2787            3140  
     509           1530            3570          4158            3916          2796            3147  
     510           1530            3578          4332            3052          2802            3155  
     511           1530            3586          4341            2997          2811            3163  
     512           1536            3595          4230            3241          2811            3170  
#+ -------+--------------+--------------+--------------+--------------+--------------+--------------+
